Storing:R
Storing:A
Storing:c
Storing:l
Storing:sp
Flags:0X03
Resolution (X|Y):50|50
Ambient light ratio:0.200000
Ambient colour RGB:0X007F7F7F
Camera:0
C[0] Position:(0.000000,0.000000,0.000000)
C[0] Direction:(0.000000,0.000000,1.000000)
C[0] FOV:90
---------
Light:0
L[0] Position:(-40.000000,0.000000,30.000000)
L[0] Colour:0X00FFFFFF
L[0] Brightness:0.700000
---------
----
Theta:0.031416
0Ray[1.000000,0.000000,0.000000]
2Ray[0.707107,0.000000,-0.707107]
Vector
[0.707107][0.000000][-0.707107]
Matrix
[0.707107][0.707107][0.000000]
[-0.707107][0.707107][0.000000]
[0.000000][0.000000][1.000000]
1Ray[0.500000,-0.500000,-0.707107]
|0.000000|0.000000|Vector
[0.500000][-0.500000][-0.707107]
Matrix
[1.000000][-0.000000][0.000000]
[0.000000][1.000000][0.000000]
[0.000000][0.000000][1.000000]
|0.031416|0.000000|Vector
[0.500000][-0.500000][-0.707107]
Matrix
[0.999507][-0.031411][0.000000]
[0.031411][0.999507][0.000000]
[0.000000][0.000000][1.000000]
|0.062832|0.000000|Vector
[0.500000][-0.500000][-0.707107]
Matrix
[0.998027][-0.062791][0.000000]
[0.062791][0.998027][0.000000]
[0.000000][0.000000][1.000000]
|0.094248|0.000000|Vector
[0.500000][-0.500000][-0.707107]
Matrix
[0.995562][-0.094108][0.000000]
[0.094108][0.995562][0.000000]
[0.000000][0.000000][1.000000]
|0.125664|0.000000|Vector
[0.500000][-0.500000][-0.707107]
Matrix
[0.992115][-0.125333][0.000000]
[0.125333][0.992115][0.000000]
[0.000000][0.000000][1.000000]
|0.157080|0.000000|Vector
[0.500000][-0.500000][-0.707107]
Matrix
[0.987688][-0.156434][0.000000]
[0.156434][0.987688][0.000000]
[0.000000][0.000000][1.000000]
|0.188496|0.000000|Vector
[0.500000][-0.500000][-0.707107]
Matrix
[0.982287][-0.187381][0.000000]
[0.187381][0.982287][0.000000]
[0.000000][0.000000][1.000000]
|0.219911|0.000000|Vector
[0.500000][-0.500000][-0.707107]
Matrix
[0.975917][-0.218143][0.000000]
[0.218143][0.975917][0.000000]
[0.000000][0.000000][1.000000]
|0.251327|0.000000|Vector
[0.500000][-0.500000][-0.707107]
Matrix
[0.968583][-0.248690][0.000000]
[0.248690][0.968583][0.000000]
[0.000000][0.000000][1.000000]
|0.282743|0.000000|Vector
[0.500000][-0.500000][-0.707107]
Matrix
[0.960294][-0.278991][0.000000]
[0.278991][0.960294][0.000000]
[0.000000][0.000000][1.000000]
|0.314159|0.000000|Vector
[0.500000][-0.500000][-0.707107]
Matrix
[0.951057][-0.309017][0.000000]
[0.309017][0.951057][0.000000]
[0.000000][0.000000][1.000000]
|0.345575|0.000000|Vector
[0.500000][-0.500000][-0.707107]
Matrix
[0.940881][-0.338738][0.000000]
[0.338738][0.940881][0.000000]
[0.000000][0.000000][1.000000]
|0.376991|0.000000|Vector
[0.500000][-0.500000][-0.707107]
Matrix
[0.929776][-0.368125][0.000000]
[0.368125][0.929776][0.000000]
[0.000000][0.000000][1.000000]
|0.408407|0.000000|Vector
[0.500000][-0.500000][-0.707107]
Matrix
[0.917755][-0.397148][0.000000]
[0.397148][0.917755][0.000000]
[0.000000][0.000000][1.000000]
|0.439823|0.000000|Vector
[0.500000][-0.500000][-0.707107]
Matrix
[0.904827][-0.425779][0.000000]
[0.425779][0.904827][0.000000]
[0.000000][0.000000][1.000000]
|0.471239|0.000000|Vector
[0.500000][-0.500000][-0.707107]
Matrix
[0.891007][-0.453990][0.000000]
[0.453990][0.891007][0.000000]
[0.000000][0.000000][1.000000]
|0.502655|0.000000|Vector
[0.500000][-0.500000][-0.707107]
Matrix
[0.876307][-0.481754][0.000000]
[0.481754][0.876307][0.000000]
[0.000000][0.000000][1.000000]
|0.534071|0.000000|Vector
[0.500000][-0.500000][-0.707107]
Matrix
[0.860742][-0.509041][0.000000]
[0.509041][0.860742][0.000000]
[0.000000][0.000000][1.000000]
|0.565487|0.000000|Vector
[0.500000][-0.500000][-0.707107]
Matrix
[0.844328][-0.535827][0.000000]
[0.535827][0.844328][0.000000]
[0.000000][0.000000][1.000000]
|0.596903|0.000000|Vector
[0.500000][-0.500000][-0.707107]
Matrix
[0.827081][-0.562083][0.000000]
[0.562083][0.827081][0.000000]
[0.000000][0.000000][1.000000]
|0.628319|0.000000|Vector
[0.500000][-0.500000][-0.707107]
Matrix
[0.809017][-0.587785][0.000000]
[0.587785][0.809017][0.000000]
[0.000000][0.000000][1.000000]
|0.659734|0.000000|Vector
[0.500000][-0.500000][-0.707107]
Matrix
[0.790155][-0.612907][0.000000]
[0.612907][0.790155][0.000000]
[0.000000][0.000000][1.000000]
|0.691150|0.000000|Vector
[0.500000][-0.500000][-0.707107]
Matrix
[0.770513][-0.637424][0.000000]
[0.637424][0.770513][0.000000]
[0.000000][0.000000][1.000000]
|0.722566|0.000000|Vector
[0.500000][-0.500000][-0.707107]
Matrix
[0.750111][-0.661312][0.000000]
[0.661312][0.750111][0.000000]
[0.000000][0.000000][1.000000]
|0.753982|0.000000|Vector
[0.500000][-0.500000][-0.707107]
Matrix
[0.728969][-0.684547][0.000000]
[0.684547][0.728969][0.000000]
[0.000000][0.000000][1.000000]
|0.785398|0.000000|Vector
[0.500000][-0.500000][-0.707107]
Matrix
[0.707107][-0.707107][0.000000]
[0.707107][0.707107][0.000000]
[0.000000][0.000000][1.000000]
|0.816814|0.000000|Vector
[0.500000][-0.500000][-0.707107]
Matrix
[0.684547][-0.728969][0.000000]
[0.728969][0.684547][0.000000]
[0.000000][0.000000][1.000000]
|0.848230|0.000000|Vector
[0.500000][-0.500000][-0.707107]
Matrix
[0.661312][-0.750111][0.000000]
[0.750111][0.661312][0.000000]
[0.000000][0.000000][1.000000]
|0.879646|0.000000|Vector
[0.500000][-0.500000][-0.707107]
Matrix
[0.637424][-0.770513][0.000000]
[0.770513][0.637424][0.000000]
[0.000000][0.000000][1.000000]
|0.911062|0.000000|Vector
[0.500000][-0.500000][-0.707107]
Matrix
[0.612907][-0.790155][0.000000]
[0.790155][0.612907][0.000000]
[0.000000][0.000000][1.000000]
|0.942478|0.000000|Vector
[0.500000][-0.500000][-0.707107]
Matrix
[0.587785][-0.809017][0.000000]
[0.809017][0.587785][0.000000]
[0.000000][0.000000][1.000000]
|0.973894|0.000000|Vector
[0.500000][-0.500000][-0.707107]
Matrix
[0.562083][-0.827081][0.000000]
[0.827081][0.562083][0.000000]
[0.000000][0.000000][1.000000]
|1.005310|0.000000|Vector
[0.500000][-0.500000][-0.707107]
Matrix
[0.535827][-0.844328][0.000000]
[0.844328][0.535827][0.000000]
[0.000000][0.000000][1.000000]
|1.036726|0.000000|Vector
[0.500000][-0.500000][-0.707107]
Matrix
[0.509041][-0.860742][0.000000]
[0.860742][0.509041][0.000000]
[0.000000][0.000000][1.000000]
|1.068142|0.000000|Vector
[0.500000][-0.500000][-0.707107]
Matrix
[0.481754][-0.876307][0.000000]
[0.876307][0.481754][0.000000]
[0.000000][0.000000][1.000000]
|1.099557|0.000000|Vector
[0.500000][-0.500000][-0.707107]
Matrix
[0.453990][-0.891007][0.000000]
[0.891007][0.453990][0.000000]
[0.000000][0.000000][1.000000]
|1.130973|0.000000|Vector
[0.500000][-0.500000][-0.707107]
Matrix
[0.425779][-0.904827][0.000000]
[0.904827][0.425779][0.000000]
[0.000000][0.000000][1.000000]
|1.162389|0.000000|Vector
[0.500000][-0.500000][-0.707107]
Matrix
[0.397148][-0.917755][0.000000]
[0.917755][0.397148][0.000000]
[0.000000][0.000000][1.000000]
|1.193805|0.000000|Vector
[0.500000][-0.500000][-0.707107]
Matrix
[0.368125][-0.929776][0.000000]
[0.929776][0.368125][0.000000]
[0.000000][0.000000][1.000000]
|1.225221|0.000000|Vector
[0.500000][-0.500000][-0.707107]
Matrix
[0.338738][-0.940881][0.000000]
[0.940881][0.338738][0.000000]
[0.000000][0.000000][1.000000]
|1.256637|0.000000|Vector
[0.500000][-0.500000][-0.707107]
Matrix
[0.309017][-0.951057][0.000000]
[0.951057][0.309017][0.000000]
[0.000000][0.000000][1.000000]
|1.288053|0.000000|Vector
[0.500000][-0.500000][-0.707107]
Matrix
[0.278991][-0.960294][0.000000]
[0.960294][0.278991][0.000000]
[0.000000][0.000000][1.000000]
|1.319469|0.000000|Vector
[0.500000][-0.500000][-0.707107]
Matrix
[0.248690][-0.968583][0.000000]
[0.968583][0.248690][0.000000]
[0.000000][0.000000][1.000000]
|1.350885|0.000000|Vector
[0.500000][-0.500000][-0.707107]
Matrix
[0.218143][-0.975917][0.000000]
[0.975917][0.218143][0.000000]
[0.000000][0.000000][1.000000]
|1.382301|0.000000|Vector
[0.500000][-0.500000][-0.707107]
Matrix
[0.187381][-0.982287][0.000000]
[0.982287][0.187381][0.000000]
[0.000000][0.000000][1.000000]
|1.413717|0.000000|Vector
[0.500000][-0.500000][-0.707107]
Matrix
[0.156434][-0.987688][0.000000]
[0.987688][0.156434][0.000000]
[0.000000][0.000000][1.000000]
|1.445133|0.000000|Vector
[0.500000][-0.500000][-0.707107]
Matrix
[0.125333][-0.992115][0.000000]
[0.992115][0.125333][0.000000]
[0.000000][0.000000][1.000000]
|1.476549|0.000000|Vector
[0.500000][-0.500000][-0.707107]
Matrix
[0.094108][-0.995562][0.000000]
[0.995562][0.094108][0.000000]
[0.000000][0.000000][1.000000]
|1.507964|0.000000|Vector
[0.500000][-0.500000][-0.707107]
Matrix
[0.062791][-0.998027][0.000000]
[0.998027][0.062791][0.000000]
[0.000000][0.000000][1.000000]
|1.539380|0.000000|Vector
[0.500000][-0.500000][-0.707107]
Matrix
[0.031411][-0.999507][0.000000]
[0.999507][0.031411][0.000000]
[0.000000][0.000000][1.000000]

|0.000000|0.031416|Vector
[0.521964][-0.500000][-0.691052]
Matrix
[1.000000][-0.000000][0.000000]
[0.000000][1.000000][0.000000]
[0.000000][0.000000][1.000000]
|0.031416|0.031416|Vector
[0.521964][-0.500000][-0.691052]
Matrix
[0.999507][-0.031411][0.000000]
[0.031411][0.999507][0.000000]
[0.000000][0.000000][1.000000]
|0.062832|0.031416|Vector
[0.521964][-0.500000][-0.691052]
Matrix
[0.998027][-0.062791][0.000000]
[0.062791][0.998027][0.000000]
[0.000000][0.000000][1.000000]
|0.094248|0.031416|Vector
[0.521964][-0.500000][-0.691052]
Matrix
[0.995562][-0.094108][0.000000]
[0.094108][0.995562][0.000000]
[0.000000][0.000000][1.000000]
|0.125664|0.031416|Vector
[0.521964][-0.500000][-0.691052]
Matrix
[0.992115][-0.125333][0.000000]
[0.125333][0.992115][0.000000]
[0.000000][0.000000][1.000000]
|0.157080|0.031416|Vector
[0.521964][-0.500000][-0.691052]
Matrix
[0.987688][-0.156434][0.000000]
[0.156434][0.987688][0.000000]
[0.000000][0.000000][1.000000]
|0.188496|0.031416|Vector
[0.521964][-0.500000][-0.691052]
Matrix
[0.982287][-0.187381][0.000000]
[0.187381][0.982287][0.000000]
[0.000000][0.000000][1.000000]
|0.219911|0.031416|Vector
[0.521964][-0.500000][-0.691052]
Matrix
[0.975917][-0.218143][0.000000]
[0.218143][0.975917][0.000000]
[0.000000][0.000000][1.000000]
|0.251327|0.031416|Vector
[0.521964][-0.500000][-0.691052]
Matrix
[0.968583][-0.248690][0.000000]
[0.248690][0.968583][0.000000]
[0.000000][0.000000][1.000000]
|0.282743|0.031416|Vector
[0.521964][-0.500000][-0.691052]
Matrix
[0.960294][-0.278991][0.000000]
[0.278991][0.960294][0.000000]
[0.000000][0.000000][1.000000]
|0.314159|0.031416|Vector
[0.521964][-0.500000][-0.691052]
Matrix
[0.951057][-0.309017][0.000000]
[0.309017][0.951057][0.000000]
[0.000000][0.000000][1.000000]
|0.345575|0.031416|Vector
[0.521964][-0.500000][-0.691052]
Matrix
[0.940881][-0.338738][0.000000]
[0.338738][0.940881][0.000000]
[0.000000][0.000000][1.000000]
|0.376991|0.031416|Vector
[0.521964][-0.500000][-0.691052]
Matrix
[0.929776][-0.368125][0.000000]
[0.368125][0.929776][0.000000]
[0.000000][0.000000][1.000000]
|0.408407|0.031416|Vector
[0.521964][-0.500000][-0.691052]
Matrix
[0.917755][-0.397148][0.000000]
[0.397148][0.917755][0.000000]
[0.000000][0.000000][1.000000]
|0.439823|0.031416|Vector
[0.521964][-0.500000][-0.691052]
Matrix
[0.904827][-0.425779][0.000000]
[0.425779][0.904827][0.000000]
[0.000000][0.000000][1.000000]
|0.471239|0.031416|Vector
[0.521964][-0.500000][-0.691052]
Matrix
[0.891007][-0.453990][0.000000]
[0.453990][0.891007][0.000000]
[0.000000][0.000000][1.000000]
|0.502655|0.031416|Vector
[0.521964][-0.500000][-0.691052]
Matrix
[0.876307][-0.481754][0.000000]
[0.481754][0.876307][0.000000]
[0.000000][0.000000][1.000000]
|0.534071|0.031416|Vector
[0.521964][-0.500000][-0.691052]
Matrix
[0.860742][-0.509041][0.000000]
[0.509041][0.860742][0.000000]
[0.000000][0.000000][1.000000]
|0.565487|0.031416|Vector
[0.521964][-0.500000][-0.691052]
Matrix
[0.844328][-0.535827][0.000000]
[0.535827][0.844328][0.000000]
[0.000000][0.000000][1.000000]
|0.596903|0.031416|Vector
[0.521964][-0.500000][-0.691052]
Matrix
[0.827081][-0.562083][0.000000]
[0.562083][0.827081][0.000000]
[0.000000][0.000000][1.000000]
|0.628319|0.031416|Vector
[0.521964][-0.500000][-0.691052]
Matrix
[0.809017][-0.587785][0.000000]
[0.587785][0.809017][0.000000]
[0.000000][0.000000][1.000000]
|0.659734|0.031416|Vector
[0.521964][-0.500000][-0.691052]
Matrix
[0.790155][-0.612907][0.000000]
[0.612907][0.790155][0.000000]
[0.000000][0.000000][1.000000]
|0.691150|0.031416|Vector
[0.521964][-0.500000][-0.691052]
Matrix
[0.770513][-0.637424][0.000000]
[0.637424][0.770513][0.000000]
[0.000000][0.000000][1.000000]
|0.722566|0.031416|Vector
[0.521964][-0.500000][-0.691052]
Matrix
[0.750111][-0.661312][0.000000]
[0.661312][0.750111][0.000000]
[0.000000][0.000000][1.000000]
|0.753982|0.031416|Vector
[0.521964][-0.500000][-0.691052]
Matrix
[0.728969][-0.684547][0.000000]
[0.684547][0.728969][0.000000]
[0.000000][0.000000][1.000000]
|0.785398|0.031416|Vector
[0.521964][-0.500000][-0.691052]
Matrix
[0.707107][-0.707107][0.000000]
[0.707107][0.707107][0.000000]
[0.000000][0.000000][1.000000]
|0.816814|0.031416|Vector
[0.521964][-0.500000][-0.691052]
Matrix
[0.684547][-0.728969][0.000000]
[0.728969][0.684547][0.000000]
[0.000000][0.000000][1.000000]
|0.848230|0.031416|Vector
[0.521964][-0.500000][-0.691052]
Matrix
[0.661312][-0.750111][0.000000]
[0.750111][0.661312][0.000000]
[0.000000][0.000000][1.000000]
|0.879646|0.031416|Vector
[0.521964][-0.500000][-0.691052]
Matrix
[0.637424][-0.770513][0.000000]
[0.770513][0.637424][0.000000]
[0.000000][0.000000][1.000000]
|0.911062|0.031416|Vector
[0.521964][-0.500000][-0.691052]
Matrix
[0.612907][-0.790155][0.000000]
[0.790155][0.612907][0.000000]
[0.000000][0.000000][1.000000]
|0.942478|0.031416|Vector
[0.521964][-0.500000][-0.691052]
Matrix
[0.587785][-0.809017][0.000000]
[0.809017][0.587785][0.000000]
[0.000000][0.000000][1.000000]
|0.973894|0.031416|Vector
[0.521964][-0.500000][-0.691052]
Matrix
[0.562083][-0.827081][0.000000]
[0.827081][0.562083][0.000000]
[0.000000][0.000000][1.000000]
|1.005310|0.031416|Vector
[0.521964][-0.500000][-0.691052]
Matrix
[0.535827][-0.844328][0.000000]
[0.844328][0.535827][0.000000]
[0.000000][0.000000][1.000000]
|1.036726|0.031416|Vector
[0.521964][-0.500000][-0.691052]
Matrix
[0.509041][-0.860742][0.000000]
[0.860742][0.509041][0.000000]
[0.000000][0.000000][1.000000]
|1.068142|0.031416|Vector
[0.521964][-0.500000][-0.691052]
Matrix
[0.481754][-0.876307][0.000000]
[0.876307][0.481754][0.000000]
[0.000000][0.000000][1.000000]
|1.099557|0.031416|Vector
[0.521964][-0.500000][-0.691052]
Matrix
[0.453990][-0.891007][0.000000]
[0.891007][0.453990][0.000000]
[0.000000][0.000000][1.000000]
|1.130973|0.031416|Vector
[0.521964][-0.500000][-0.691052]
Matrix
[0.425779][-0.904827][0.000000]
[0.904827][0.425779][0.000000]
[0.000000][0.000000][1.000000]
|1.162389|0.031416|Vector
[0.521964][-0.500000][-0.691052]
Matrix
[0.397148][-0.917755][0.000000]
[0.917755][0.397148][0.000000]
[0.000000][0.000000][1.000000]
|1.193805|0.031416|Vector
[0.521964][-0.500000][-0.691052]
Matrix
[0.368125][-0.929776][0.000000]
[0.929776][0.368125][0.000000]
[0.000000][0.000000][1.000000]
|1.225221|0.031416|Vector
[0.521964][-0.500000][-0.691052]
Matrix
[0.338738][-0.940881][0.000000]
[0.940881][0.338738][0.000000]
[0.000000][0.000000][1.000000]
|1.256637|0.031416|Vector
[0.521964][-0.500000][-0.691052]
Matrix
[0.309017][-0.951057][0.000000]
[0.951057][0.309017][0.000000]
[0.000000][0.000000][1.000000]
|1.288053|0.031416|Vector
[0.521964][-0.500000][-0.691052]
Matrix
[0.278991][-0.960294][0.000000]
[0.960294][0.278991][0.000000]
[0.000000][0.000000][1.000000]
|1.319469|0.031416|Vector
[0.521964][-0.500000][-0.691052]
Matrix
[0.248690][-0.968583][0.000000]
[0.968583][0.248690][0.000000]
[0.000000][0.000000][1.000000]
|1.350885|0.031416|Vector
[0.521964][-0.500000][-0.691052]
Matrix
[0.218143][-0.975917][0.000000]
[0.975917][0.218143][0.000000]
[0.000000][0.000000][1.000000]
|1.382301|0.031416|Vector
[0.521964][-0.500000][-0.691052]
Matrix
[0.187381][-0.982287][0.000000]
[0.982287][0.187381][0.000000]
[0.000000][0.000000][1.000000]
|1.413717|0.031416|Vector
[0.521964][-0.500000][-0.691052]
Matrix
[0.156434][-0.987688][0.000000]
[0.987688][0.156434][0.000000]
[0.000000][0.000000][1.000000]
|1.445133|0.031416|Vector
[0.521964][-0.500000][-0.691052]
Matrix
[0.125333][-0.992115][0.000000]
[0.992115][0.125333][0.000000]
[0.000000][0.000000][1.000000]
|1.476549|0.031416|Vector
[0.521964][-0.500000][-0.691052]
Matrix
[0.094108][-0.995562][0.000000]
[0.995562][0.094108][0.000000]
[0.000000][0.000000][1.000000]
|1.507964|0.031416|Vector
[0.521964][-0.500000][-0.691052]
Matrix
[0.062791][-0.998027][0.000000]
[0.998027][0.062791][0.000000]
[0.000000][0.000000][1.000000]
|1.539380|0.031416|Vector
[0.521964][-0.500000][-0.691052]
Matrix
[0.031411][-0.999507][0.000000]
[0.999507][0.031411][0.000000]
[0.000000][0.000000][1.000000]

|0.000000|0.062832|Vector
[0.543413][-0.500000][-0.674316]
Matrix
[1.000000][-0.000000][0.000000]
[0.000000][1.000000][0.000000]
[0.000000][0.000000][1.000000]
|0.031416|0.062832|Vector
[0.543413][-0.500000][-0.674316]
Matrix
[0.999507][-0.031411][0.000000]
[0.031411][0.999507][0.000000]
[0.000000][0.000000][1.000000]
|0.062832|0.062832|Vector
[0.543413][-0.500000][-0.674316]
Matrix
[0.998027][-0.062791][0.000000]
[0.062791][0.998027][0.000000]
[0.000000][0.000000][1.000000]
|0.094248|0.062832|Vector
[0.543413][-0.500000][-0.674316]
Matrix
[0.995562][-0.094108][0.000000]
[0.094108][0.995562][0.000000]
[0.000000][0.000000][1.000000]
|0.125664|0.062832|Vector
[0.543413][-0.500000][-0.674316]
Matrix
[0.992115][-0.125333][0.000000]
[0.125333][0.992115][0.000000]
[0.000000][0.000000][1.000000]
|0.157080|0.062832|Vector
[0.543413][-0.500000][-0.674316]
Matrix
[0.987688][-0.156434][0.000000]
[0.156434][0.987688][0.000000]
[0.000000][0.000000][1.000000]
|0.188496|0.062832|Vector
[0.543413][-0.500000][-0.674316]
Matrix
[0.982287][-0.187381][0.000000]
[0.187381][0.982287][0.000000]
[0.000000][0.000000][1.000000]
|0.219911|0.062832|Vector
[0.543413][-0.500000][-0.674316]
Matrix
[0.975917][-0.218143][0.000000]
[0.218143][0.975917][0.000000]
[0.000000][0.000000][1.000000]
|0.251327|0.062832|Vector
[0.543413][-0.500000][-0.674316]
Matrix
[0.968583][-0.248690][0.000000]
[0.248690][0.968583][0.000000]
[0.000000][0.000000][1.000000]
|0.282743|0.062832|Vector
[0.543413][-0.500000][-0.674316]
Matrix
[0.960294][-0.278991][0.000000]
[0.278991][0.960294][0.000000]
[0.000000][0.000000][1.000000]
|0.314159|0.062832|Vector
[0.543413][-0.500000][-0.674316]
Matrix
[0.951057][-0.309017][0.000000]
[0.309017][0.951057][0.000000]
[0.000000][0.000000][1.000000]
|0.345575|0.062832|Vector
[0.543413][-0.500000][-0.674316]
Matrix
[0.940881][-0.338738][0.000000]
[0.338738][0.940881][0.000000]
[0.000000][0.000000][1.000000]
|0.376991|0.062832|Vector
[0.543413][-0.500000][-0.674316]
Matrix
[0.929776][-0.368125][0.000000]
[0.368125][0.929776][0.000000]
[0.000000][0.000000][1.000000]
|0.408407|0.062832|Vector
[0.543413][-0.500000][-0.674316]
Matrix
[0.917755][-0.397148][0.000000]
[0.397148][0.917755][0.000000]
[0.000000][0.000000][1.000000]
|0.439823|0.062832|Vector
[0.543413][-0.500000][-0.674316]
Matrix
[0.904827][-0.425779][0.000000]
[0.425779][0.904827][0.000000]
[0.000000][0.000000][1.000000]
|0.471239|0.062832|Vector
[0.543413][-0.500000][-0.674316]
Matrix
[0.891007][-0.453990][0.000000]
[0.453990][0.891007][0.000000]
[0.000000][0.000000][1.000000]
|0.502655|0.062832|Vector
[0.543413][-0.500000][-0.674316]
Matrix
[0.876307][-0.481754][0.000000]
[0.481754][0.876307][0.000000]
[0.000000][0.000000][1.000000]
|0.534071|0.062832|Vector
[0.543413][-0.500000][-0.674316]
Matrix
[0.860742][-0.509041][0.000000]
[0.509041][0.860742][0.000000]
[0.000000][0.000000][1.000000]
|0.565487|0.062832|Vector
[0.543413][-0.500000][-0.674316]
Matrix
[0.844328][-0.535827][0.000000]
[0.535827][0.844328][0.000000]
[0.000000][0.000000][1.000000]
|0.596903|0.062832|Vector
[0.543413][-0.500000][-0.674316]
Matrix
[0.827081][-0.562083][0.000000]
[0.562083][0.827081][0.000000]
[0.000000][0.000000][1.000000]
|0.628319|0.062832|Vector
[0.543413][-0.500000][-0.674316]
Matrix
[0.809017][-0.587785][0.000000]
[0.587785][0.809017][0.000000]
[0.000000][0.000000][1.000000]
|0.659734|0.062832|Vector
[0.543413][-0.500000][-0.674316]
Matrix
[0.790155][-0.612907][0.000000]
[0.612907][0.790155][0.000000]
[0.000000][0.000000][1.000000]
|0.691150|0.062832|Vector
[0.543413][-0.500000][-0.674316]
Matrix
[0.770513][-0.637424][0.000000]
[0.637424][0.770513][0.000000]
[0.000000][0.000000][1.000000]
|0.722566|0.062832|Vector
[0.543413][-0.500000][-0.674316]
Matrix
[0.750111][-0.661312][0.000000]
[0.661312][0.750111][0.000000]
[0.000000][0.000000][1.000000]
|0.753982|0.062832|Vector
[0.543413][-0.500000][-0.674316]
Matrix
[0.728969][-0.684547][0.000000]
[0.684547][0.728969][0.000000]
[0.000000][0.000000][1.000000]
|0.785398|0.062832|Vector
[0.543413][-0.500000][-0.674316]
Matrix
[0.707107][-0.707107][0.000000]
[0.707107][0.707107][0.000000]
[0.000000][0.000000][1.000000]
|0.816814|0.062832|Vector
[0.543413][-0.500000][-0.674316]
Matrix
[0.684547][-0.728969][0.000000]
[0.728969][0.684547][0.000000]
[0.000000][0.000000][1.000000]
|0.848230|0.062832|Vector
[0.543413][-0.500000][-0.674316]
Matrix
[0.661312][-0.750111][0.000000]
[0.750111][0.661312][0.000000]
[0.000000][0.000000][1.000000]
|0.879646|0.062832|Vector
[0.543413][-0.500000][-0.674316]
Matrix
[0.637424][-0.770513][0.000000]
[0.770513][0.637424][0.000000]
[0.000000][0.000000][1.000000]
|0.911062|0.062832|Vector
[0.543413][-0.500000][-0.674316]
Matrix
[0.612907][-0.790155][0.000000]
[0.790155][0.612907][0.000000]
[0.000000][0.000000][1.000000]
|0.942478|0.062832|Vector
[0.543413][-0.500000][-0.674316]
Matrix
[0.587785][-0.809017][0.000000]
[0.809017][0.587785][0.000000]
[0.000000][0.000000][1.000000]
|0.973894|0.062832|Vector
[0.543413][-0.500000][-0.674316]
Matrix
[0.562083][-0.827081][0.000000]
[0.827081][0.562083][0.000000]
[0.000000][0.000000][1.000000]
|1.005310|0.062832|Vector
[0.543413][-0.500000][-0.674316]
Matrix
[0.535827][-0.844328][0.000000]
[0.844328][0.535827][0.000000]
[0.000000][0.000000][1.000000]
|1.036726|0.062832|Vector
[0.543413][-0.500000][-0.674316]
Matrix
[0.509041][-0.860742][0.000000]
[0.860742][0.509041][0.000000]
[0.000000][0.000000][1.000000]
|1.068142|0.062832|Vector
[0.543413][-0.500000][-0.674316]
Matrix
[0.481754][-0.876307][0.000000]
[0.876307][0.481754][0.000000]
[0.000000][0.000000][1.000000]
|1.099557|0.062832|Vector
[0.543413][-0.500000][-0.674316]
Matrix
[0.453990][-0.891007][0.000000]
[0.891007][0.453990][0.000000]
[0.000000][0.000000][1.000000]
|1.130973|0.062832|Vector
[0.543413][-0.500000][-0.674316]
Matrix
[0.425779][-0.904827][0.000000]
[0.904827][0.425779][0.000000]
[0.000000][0.000000][1.000000]
|1.162389|0.062832|Vector
[0.543413][-0.500000][-0.674316]
Matrix
[0.397148][-0.917755][0.000000]
[0.917755][0.397148][0.000000]
[0.000000][0.000000][1.000000]
|1.193805|0.062832|Vector
[0.543413][-0.500000][-0.674316]
Matrix
[0.368125][-0.929776][0.000000]
[0.929776][0.368125][0.000000]
[0.000000][0.000000][1.000000]
|1.225221|0.062832|Vector
[0.543413][-0.500000][-0.674316]
Matrix
[0.338738][-0.940881][0.000000]
[0.940881][0.338738][0.000000]
[0.000000][0.000000][1.000000]
|1.256637|0.062832|Vector
[0.543413][-0.500000][-0.674316]
Matrix
[0.309017][-0.951057][0.000000]
[0.951057][0.309017][0.000000]
[0.000000][0.000000][1.000000]
|1.288053|0.062832|Vector
[0.543413][-0.500000][-0.674316]
Matrix
[0.278991][-0.960294][0.000000]
[0.960294][0.278991][0.000000]
[0.000000][0.000000][1.000000]
|1.319469|0.062832|Vector
[0.543413][-0.500000][-0.674316]
Matrix
[0.248690][-0.968583][0.000000]
[0.968583][0.248690][0.000000]
[0.000000][0.000000][1.000000]
|1.350885|0.062832|Vector
[0.543413][-0.500000][-0.674316]
Matrix
[0.218143][-0.975917][0.000000]
[0.975917][0.218143][0.000000]
[0.000000][0.000000][1.000000]
|1.382301|0.062832|Vector
[0.543413][-0.500000][-0.674316]
Matrix
[0.187381][-0.982287][0.000000]
[0.982287][0.187381][0.000000]
[0.000000][0.000000][1.000000]
|1.413717|0.062832|Vector
[0.543413][-0.500000][-0.674316]
Matrix
[0.156434][-0.987688][0.000000]
[0.987688][0.156434][0.000000]
[0.000000][0.000000][1.000000]
|1.445133|0.062832|Vector
[0.543413][-0.500000][-0.674316]
Matrix
[0.125333][-0.992115][0.000000]
[0.992115][0.125333][0.000000]
[0.000000][0.000000][1.000000]
|1.476549|0.062832|Vector
[0.543413][-0.500000][-0.674316]
Matrix
[0.094108][-0.995562][0.000000]
[0.995562][0.094108][0.000000]
[0.000000][0.000000][1.000000]
|1.507964|0.062832|Vector
[0.543413][-0.500000][-0.674316]
Matrix
[0.062791][-0.998027][0.000000]
[0.998027][0.062791][0.000000]
[0.000000][0.000000][1.000000]
|1.539380|0.062832|Vector
[0.543413][-0.500000][-0.674316]
Matrix
[0.031411][-0.999507][0.000000]
[0.999507][0.031411][0.000000]
[0.000000][0.000000][1.000000]

|0.000000|0.094248|Vector
[0.564326][-0.500000][-0.656914]
Matrix
[1.000000][-0.000000][0.000000]
[0.000000][1.000000][0.000000]
[0.000000][0.000000][1.000000]
|0.031416|0.094248|Vector
[0.564326][-0.500000][-0.656914]
Matrix
[0.999507][-0.031411][0.000000]
[0.031411][0.999507][0.000000]
[0.000000][0.000000][1.000000]
|0.062832|0.094248|Vector
[0.564326][-0.500000][-0.656914]
Matrix
[0.998027][-0.062791][0.000000]
[0.062791][0.998027][0.000000]
[0.000000][0.000000][1.000000]
|0.094248|0.094248|Vector
[0.564326][-0.500000][-0.656914]
Matrix
[0.995562][-0.094108][0.000000]
[0.094108][0.995562][0.000000]
[0.000000][0.000000][1.000000]
|0.125664|0.094248|Vector
[0.564326][-0.500000][-0.656914]
Matrix
[0.992115][-0.125333][0.000000]
[0.125333][0.992115][0.000000]
[0.000000][0.000000][1.000000]
|0.157080|0.094248|Vector
[0.564326][-0.500000][-0.656914]
Matrix
[0.987688][-0.156434][0.000000]
[0.156434][0.987688][0.000000]
[0.000000][0.000000][1.000000]
|0.188496|0.094248|Vector
[0.564326][-0.500000][-0.656914]
Matrix
[0.982287][-0.187381][0.000000]
[0.187381][0.982287][0.000000]
[0.000000][0.000000][1.000000]
|0.219911|0.094248|Vector
[0.564326][-0.500000][-0.656914]
Matrix
[0.975917][-0.218143][0.000000]
[0.218143][0.975917][0.000000]
[0.000000][0.000000][1.000000]
|0.251327|0.094248|Vector
[0.564326][-0.500000][-0.656914]
Matrix
[0.968583][-0.248690][0.000000]
[0.248690][0.968583][0.000000]
[0.000000][0.000000][1.000000]
|0.282743|0.094248|Vector
[0.564326][-0.500000][-0.656914]
Matrix
[0.960294][-0.278991][0.000000]
[0.278991][0.960294][0.000000]
[0.000000][0.000000][1.000000]
|0.314159|0.094248|Vector
[0.564326][-0.500000][-0.656914]
Matrix
[0.951057][-0.309017][0.000000]
[0.309017][0.951057][0.000000]
[0.000000][0.000000][1.000000]
|0.345575|0.094248|Vector
[0.564326][-0.500000][-0.656914]
Matrix
[0.940881][-0.338738][0.000000]
[0.338738][0.940881][0.000000]
[0.000000][0.000000][1.000000]
|0.376991|0.094248|Vector
[0.564326][-0.500000][-0.656914]
Matrix
[0.929776][-0.368125][0.000000]
[0.368125][0.929776][0.000000]
[0.000000][0.000000][1.000000]
|0.408407|0.094248|Vector
[0.564326][-0.500000][-0.656914]
Matrix
[0.917755][-0.397148][0.000000]
[0.397148][0.917755][0.000000]
[0.000000][0.000000][1.000000]
|0.439823|0.094248|Vector
[0.564326][-0.500000][-0.656914]
Matrix
[0.904827][-0.425779][0.000000]
[0.425779][0.904827][0.000000]
[0.000000][0.000000][1.000000]
|0.471239|0.094248|Vector
[0.564326][-0.500000][-0.656914]
Matrix
[0.891007][-0.453990][0.000000]
[0.453990][0.891007][0.000000]
[0.000000][0.000000][1.000000]
|0.502655|0.094248|Vector
[0.564326][-0.500000][-0.656914]
Matrix
[0.876307][-0.481754][0.000000]
[0.481754][0.876307][0.000000]
[0.000000][0.000000][1.000000]
|0.534071|0.094248|Vector
[0.564326][-0.500000][-0.656914]
Matrix
[0.860742][-0.509041][0.000000]
[0.509041][0.860742][0.000000]
[0.000000][0.000000][1.000000]
|0.565487|0.094248|Vector
[0.564326][-0.500000][-0.656914]
Matrix
[0.844328][-0.535827][0.000000]
[0.535827][0.844328][0.000000]
[0.000000][0.000000][1.000000]
|0.596903|0.094248|Vector
[0.564326][-0.500000][-0.656914]
Matrix
[0.827081][-0.562083][0.000000]
[0.562083][0.827081][0.000000]
[0.000000][0.000000][1.000000]
|0.628319|0.094248|Vector
[0.564326][-0.500000][-0.656914]
Matrix
[0.809017][-0.587785][0.000000]
[0.587785][0.809017][0.000000]
[0.000000][0.000000][1.000000]
|0.659734|0.094248|Vector
[0.564326][-0.500000][-0.656914]
Matrix
[0.790155][-0.612907][0.000000]
[0.612907][0.790155][0.000000]
[0.000000][0.000000][1.000000]
|0.691150|0.094248|Vector
[0.564326][-0.500000][-0.656914]
Matrix
[0.770513][-0.637424][0.000000]
[0.637424][0.770513][0.000000]
[0.000000][0.000000][1.000000]
|0.722566|0.094248|Vector
[0.564326][-0.500000][-0.656914]
Matrix
[0.750111][-0.661312][0.000000]
[0.661312][0.750111][0.000000]
[0.000000][0.000000][1.000000]
|0.753982|0.094248|Vector
[0.564326][-0.500000][-0.656914]
Matrix
[0.728969][-0.684547][0.000000]
[0.684547][0.728969][0.000000]
[0.000000][0.000000][1.000000]
|0.785398|0.094248|Vector
[0.564326][-0.500000][-0.656914]
Matrix
[0.707107][-0.707107][0.000000]
[0.707107][0.707107][0.000000]
[0.000000][0.000000][1.000000]
|0.816814|0.094248|Vector
[0.564326][-0.500000][-0.656914]
Matrix
[0.684547][-0.728969][0.000000]
[0.728969][0.684547][0.000000]
[0.000000][0.000000][1.000000]
|0.848230|0.094248|Vector
[0.564326][-0.500000][-0.656914]
Matrix
[0.661312][-0.750111][0.000000]
[0.750111][0.661312][0.000000]
[0.000000][0.000000][1.000000]
|0.879646|0.094248|Vector
[0.564326][-0.500000][-0.656914]
Matrix
[0.637424][-0.770513][0.000000]
[0.770513][0.637424][0.000000]
[0.000000][0.000000][1.000000]
|0.911062|0.094248|Vector
[0.564326][-0.500000][-0.656914]
Matrix
[0.612907][-0.790155][0.000000]
[0.790155][0.612907][0.000000]
[0.000000][0.000000][1.000000]
|0.942478|0.094248|Vector
[0.564326][-0.500000][-0.656914]
Matrix
[0.587785][-0.809017][0.000000]
[0.809017][0.587785][0.000000]
[0.000000][0.000000][1.000000]
|0.973894|0.094248|Vector
[0.564326][-0.500000][-0.656914]
Matrix
[0.562083][-0.827081][0.000000]
[0.827081][0.562083][0.000000]
[0.000000][0.000000][1.000000]
|1.005310|0.094248|Vector
[0.564326][-0.500000][-0.656914]
Matrix
[0.535827][-0.844328][0.000000]
[0.844328][0.535827][0.000000]
[0.000000][0.000000][1.000000]
|1.036726|0.094248|Vector
[0.564326][-0.500000][-0.656914]
Matrix
[0.509041][-0.860742][0.000000]
[0.860742][0.509041][0.000000]
[0.000000][0.000000][1.000000]
|1.068142|0.094248|Vector
[0.564326][-0.500000][-0.656914]
Matrix
[0.481754][-0.876307][0.000000]
[0.876307][0.481754][0.000000]
[0.000000][0.000000][1.000000]
|1.099557|0.094248|Vector
[0.564326][-0.500000][-0.656914]
Matrix
[0.453990][-0.891007][0.000000]
[0.891007][0.453990][0.000000]
[0.000000][0.000000][1.000000]
|1.130973|0.094248|Vector
[0.564326][-0.500000][-0.656914]
Matrix
[0.425779][-0.904827][0.000000]
[0.904827][0.425779][0.000000]
[0.000000][0.000000][1.000000]
|1.162389|0.094248|Vector
[0.564326][-0.500000][-0.656914]
Matrix
[0.397148][-0.917755][0.000000]
[0.917755][0.397148][0.000000]
[0.000000][0.000000][1.000000]
|1.193805|0.094248|Vector
[0.564326][-0.500000][-0.656914]
Matrix
[0.368125][-0.929776][0.000000]
[0.929776][0.368125][0.000000]
[0.000000][0.000000][1.000000]
|1.225221|0.094248|Vector
[0.564326][-0.500000][-0.656914]
Matrix
[0.338738][-0.940881][0.000000]
[0.940881][0.338738][0.000000]
[0.000000][0.000000][1.000000]
|1.256637|0.094248|Vector
[0.564326][-0.500000][-0.656914]
Matrix
[0.309017][-0.951057][0.000000]
[0.951057][0.309017][0.000000]
[0.000000][0.000000][1.000000]
|1.288053|0.094248|Vector
[0.564326][-0.500000][-0.656914]
Matrix
[0.278991][-0.960294][0.000000]
[0.960294][0.278991][0.000000]
[0.000000][0.000000][1.000000]
|1.319469|0.094248|Vector
[0.564326][-0.500000][-0.656914]
Matrix
[0.248690][-0.968583][0.000000]
[0.968583][0.248690][0.000000]
[0.000000][0.000000][1.000000]
|1.350885|0.094248|Vector
[0.564326][-0.500000][-0.656914]
Matrix
[0.218143][-0.975917][0.000000]
[0.975917][0.218143][0.000000]
[0.000000][0.000000][1.000000]
|1.382301|0.094248|Vector
[0.564326][-0.500000][-0.656914]
Matrix
[0.187381][-0.982287][0.000000]
[0.982287][0.187381][0.000000]
[0.000000][0.000000][1.000000]
|1.413717|0.094248|Vector
[0.564326][-0.500000][-0.656914]
Matrix
[0.156434][-0.987688][0.000000]
[0.987688][0.156434][0.000000]
[0.000000][0.000000][1.000000]
|1.445133|0.094248|Vector
[0.564326][-0.500000][-0.656914]
Matrix
[0.125333][-0.992115][0.000000]
[0.992115][0.125333][0.000000]
[0.000000][0.000000][1.000000]
|1.476549|0.094248|Vector
[0.564326][-0.500000][-0.656914]
Matrix
[0.094108][-0.995562][0.000000]
[0.995562][0.094108][0.000000]
[0.000000][0.000000][1.000000]
|1.507964|0.094248|Vector
[0.564326][-0.500000][-0.656914]
Matrix
[0.062791][-0.998027][0.000000]
[0.998027][0.062791][0.000000]
[0.000000][0.000000][1.000000]
|1.539380|0.094248|Vector
[0.564326][-0.500000][-0.656914]
Matrix
[0.031411][-0.999507][0.000000]
[0.999507][0.031411][0.000000]
[0.000000][0.000000][1.000000]

|0.000000|0.125664|Vector
[0.584681][-0.500000][-0.638864]
Matrix
[1.000000][-0.000000][0.000000]
[0.000000][1.000000][0.000000]
[0.000000][0.000000][1.000000]
|0.031416|0.125664|Vector
[0.584681][-0.500000][-0.638864]
Matrix
[0.999507][-0.031411][0.000000]
[0.031411][0.999507][0.000000]
[0.000000][0.000000][1.000000]
|0.062832|0.125664|Vector
[0.584681][-0.500000][-0.638864]
Matrix
[0.998027][-0.062791][0.000000]
[0.062791][0.998027][0.000000]
[0.000000][0.000000][1.000000]
|0.094248|0.125664|Vector
[0.584681][-0.500000][-0.638864]
Matrix
[0.995562][-0.094108][0.000000]
[0.094108][0.995562][0.000000]
[0.000000][0.000000][1.000000]
|0.125664|0.125664|Vector
[0.584681][-0.500000][-0.638864]
Matrix
[0.992115][-0.125333][0.000000]
[0.125333][0.992115][0.000000]
[0.000000][0.000000][1.000000]
|0.157080|0.125664|Vector
[0.584681][-0.500000][-0.638864]
Matrix
[0.987688][-0.156434][0.000000]
[0.156434][0.987688][0.000000]
[0.000000][0.000000][1.000000]
|0.188496|0.125664|Vector
[0.584681][-0.500000][-0.638864]
Matrix
[0.982287][-0.187381][0.000000]
[0.187381][0.982287][0.000000]
[0.000000][0.000000][1.000000]
|0.219911|0.125664|Vector
[0.584681][-0.500000][-0.638864]
Matrix
[0.975917][-0.218143][0.000000]
[0.218143][0.975917][0.000000]
[0.000000][0.000000][1.000000]
|0.251327|0.125664|Vector
[0.584681][-0.500000][-0.638864]
Matrix
[0.968583][-0.248690][0.000000]
[0.248690][0.968583][0.000000]
[0.000000][0.000000][1.000000]
|0.282743|0.125664|Vector
[0.584681][-0.500000][-0.638864]
Matrix
[0.960294][-0.278991][0.000000]
[0.278991][0.960294][0.000000]
[0.000000][0.000000][1.000000]
|0.314159|0.125664|Vector
[0.584681][-0.500000][-0.638864]
Matrix
[0.951057][-0.309017][0.000000]
[0.309017][0.951057][0.000000]
[0.000000][0.000000][1.000000]
|0.345575|0.125664|Vector
[0.584681][-0.500000][-0.638864]
Matrix
[0.940881][-0.338738][0.000000]
[0.338738][0.940881][0.000000]
[0.000000][0.000000][1.000000]
|0.376991|0.125664|Vector
[0.584681][-0.500000][-0.638864]
Matrix
[0.929776][-0.368125][0.000000]
[0.368125][0.929776][0.000000]
[0.000000][0.000000][1.000000]
|0.408407|0.125664|Vector
[0.584681][-0.500000][-0.638864]
Matrix
[0.917755][-0.397148][0.000000]
[0.397148][0.917755][0.000000]
[0.000000][0.000000][1.000000]
|0.439823|0.125664|Vector
[0.584681][-0.500000][-0.638864]
Matrix
[0.904827][-0.425779][0.000000]
[0.425779][0.904827][0.000000]
[0.000000][0.000000][1.000000]
|0.471239|0.125664|Vector
[0.584681][-0.500000][-0.638864]
Matrix
[0.891007][-0.453990][0.000000]
[0.453990][0.891007][0.000000]
[0.000000][0.000000][1.000000]
|0.502655|0.125664|Vector
[0.584681][-0.500000][-0.638864]
Matrix
[0.876307][-0.481754][0.000000]
[0.481754][0.876307][0.000000]
[0.000000][0.000000][1.000000]
|0.534071|0.125664|Vector
[0.584681][-0.500000][-0.638864]
Matrix
[0.860742][-0.509041][0.000000]
[0.509041][0.860742][0.000000]
[0.000000][0.000000][1.000000]
|0.565487|0.125664|Vector
[0.584681][-0.500000][-0.638864]
Matrix
[0.844328][-0.535827][0.000000]
[0.535827][0.844328][0.000000]
[0.000000][0.000000][1.000000]
|0.596903|0.125664|Vector
[0.584681][-0.500000][-0.638864]
Matrix
[0.827081][-0.562083][0.000000]
[0.562083][0.827081][0.000000]
[0.000000][0.000000][1.000000]
|0.628319|0.125664|Vector
[0.584681][-0.500000][-0.638864]
Matrix
[0.809017][-0.587785][0.000000]
[0.587785][0.809017][0.000000]
[0.000000][0.000000][1.000000]
|0.659734|0.125664|Vector
[0.584681][-0.500000][-0.638864]
Matrix
[0.790155][-0.612907][0.000000]
[0.612907][0.790155][0.000000]
[0.000000][0.000000][1.000000]
|0.691150|0.125664|Vector
[0.584681][-0.500000][-0.638864]
Matrix
[0.770513][-0.637424][0.000000]
[0.637424][0.770513][0.000000]
[0.000000][0.000000][1.000000]
|0.722566|0.125664|Vector
[0.584681][-0.500000][-0.638864]
Matrix
[0.750111][-0.661312][0.000000]
[0.661312][0.750111][0.000000]
[0.000000][0.000000][1.000000]
|0.753982|0.125664|Vector
[0.584681][-0.500000][-0.638864]
Matrix
[0.728969][-0.684547][0.000000]
[0.684547][0.728969][0.000000]
[0.000000][0.000000][1.000000]
|0.785398|0.125664|Vector
[0.584681][-0.500000][-0.638864]
Matrix
[0.707107][-0.707107][0.000000]
[0.707107][0.707107][0.000000]
[0.000000][0.000000][1.000000]
|0.816814|0.125664|Vector
[0.584681][-0.500000][-0.638864]
Matrix
[0.684547][-0.728969][0.000000]
[0.728969][0.684547][0.000000]
[0.000000][0.000000][1.000000]
|0.848230|0.125664|Vector
[0.584681][-0.500000][-0.638864]
Matrix
[0.661312][-0.750111][0.000000]
[0.750111][0.661312][0.000000]
[0.000000][0.000000][1.000000]
|0.879646|0.125664|Vector
[0.584681][-0.500000][-0.638864]
Matrix
[0.637424][-0.770513][0.000000]
[0.770513][0.637424][0.000000]
[0.000000][0.000000][1.000000]
|0.911062|0.125664|Vector
[0.584681][-0.500000][-0.638864]
Matrix
[0.612907][-0.790155][0.000000]
[0.790155][0.612907][0.000000]
[0.000000][0.000000][1.000000]
|0.942478|0.125664|Vector
[0.584681][-0.500000][-0.638864]
Matrix
[0.587785][-0.809017][0.000000]
[0.809017][0.587785][0.000000]
[0.000000][0.000000][1.000000]
|0.973894|0.125664|Vector
[0.584681][-0.500000][-0.638864]
Matrix
[0.562083][-0.827081][0.000000]
[0.827081][0.562083][0.000000]
[0.000000][0.000000][1.000000]
|1.005310|0.125664|Vector
[0.584681][-0.500000][-0.638864]
Matrix
[0.535827][-0.844328][0.000000]
[0.844328][0.535827][0.000000]
[0.000000][0.000000][1.000000]
|1.036726|0.125664|Vector
[0.584681][-0.500000][-0.638864]
Matrix
[0.509041][-0.860742][0.000000]
[0.860742][0.509041][0.000000]
[0.000000][0.000000][1.000000]
|1.068142|0.125664|Vector
[0.584681][-0.500000][-0.638864]
Matrix
[0.481754][-0.876307][0.000000]
[0.876307][0.481754][0.000000]
[0.000000][0.000000][1.000000]
|1.099557|0.125664|Vector
[0.584681][-0.500000][-0.638864]
Matrix
[0.453990][-0.891007][0.000000]
[0.891007][0.453990][0.000000]
[0.000000][0.000000][1.000000]
|1.130973|0.125664|Vector
[0.584681][-0.500000][-0.638864]
Matrix
[0.425779][-0.904827][0.000000]
[0.904827][0.425779][0.000000]
[0.000000][0.000000][1.000000]
|1.162389|0.125664|Vector
[0.584681][-0.500000][-0.638864]
Matrix
[0.397148][-0.917755][0.000000]
[0.917755][0.397148][0.000000]
[0.000000][0.000000][1.000000]
|1.193805|0.125664|Vector
[0.584681][-0.500000][-0.638864]
Matrix
[0.368125][-0.929776][0.000000]
[0.929776][0.368125][0.000000]
[0.000000][0.000000][1.000000]
|1.225221|0.125664|Vector
[0.584681][-0.500000][-0.638864]
Matrix
[0.338738][-0.940881][0.000000]
[0.940881][0.338738][0.000000]
[0.000000][0.000000][1.000000]
|1.256637|0.125664|Vector
[0.584681][-0.500000][-0.638864]
Matrix
[0.309017][-0.951057][0.000000]
[0.951057][0.309017][0.000000]
[0.000000][0.000000][1.000000]
|1.288053|0.125664|Vector
[0.584681][-0.500000][-0.638864]
Matrix
[0.278991][-0.960294][0.000000]
[0.960294][0.278991][0.000000]
[0.000000][0.000000][1.000000]
|1.319469|0.125664|Vector
[0.584681][-0.500000][-0.638864]
Matrix
[0.248690][-0.968583][0.000000]
[0.968583][0.248690][0.000000]
[0.000000][0.000000][1.000000]
|1.350885|0.125664|Vector
[0.584681][-0.500000][-0.638864]
Matrix
[0.218143][-0.975917][0.000000]
[0.975917][0.218143][0.000000]
[0.000000][0.000000][1.000000]
|1.382301|0.125664|Vector
[0.584681][-0.500000][-0.638864]
Matrix
[0.187381][-0.982287][0.000000]
[0.982287][0.187381][0.000000]
[0.000000][0.000000][1.000000]
|1.413717|0.125664|Vector
[0.584681][-0.500000][-0.638864]
Matrix
[0.156434][-0.987688][0.000000]
[0.987688][0.156434][0.000000]
[0.000000][0.000000][1.000000]
